OWNED: 83, 63, 56, 30, 77, 94, 12, 81, 42, 69, 52, 70, 6, 97, 20, 43, 61, 22, 75, 19, 73, 32, 74, 53, 91, 
WINNING: 69 t, 12 t, 75 t, 19 t, 83 t, 56 t, 73 t, 53 t, 52 t, 91 t, OWNED: 20, 66, 51, 78, 9, 76, 86, 96, 72, 70, 84, 35, 74, 90, 56, 55, 23, 38, 58, 45, 87, 2, 80, 8, 10, 
WINNING: 23 t, 55 t, 24 f, 84 t, 90 t, 10 t, 87 t, 73 f, 74 t, 45 t, OWNED: 67, 50, 39, 70, 59, 77, 63, 30, 3, 45, 23, 16, 72, 1, 86, 7, 9, 32, 26, 68, 38, 54, 65, 34, 64, 
WINNING: 70 t, 32 t, 38 t, 23 t, 86 t, 54 t, 26 t, 16 t, 9 t, 1 t, OWNED: 35, 61, 49, 86, 40, 20, 22, 71, 84, 51, 64, 62, 33, 85, 45, 3, 54, 83, 1, 29, 82, 19, 92, 8, 11, 
WINNING: 33 t, 50 f, 19 t, 63 f, 92 t, 1 t, 58 f, 34 f, 84 t, 8 t, OWNED: 21, 74, 59, 85, 17, 36, 5, 79, 87, 7, 13, 23, 47, 45, 96, 29, 68, 65, 3, 22, 4, 34, 46, 90, 40, 
WINNING: 74 t, 9 f, 54 f, 83 f, 22 t, 15 f, 81 f, 64 f, 47 t, 70 f, OWNED: 99, 17, 90, 29, 22, 68, 61, 55, 11, 13, 37, 94, 30, 60, 56, 92, 44, 71, 42, 31, 8, 26, 14, 51, 35, 
WINNING: 29 t, 55 t, 56 t, 13 t, 58 f, 71 t, 36 f, 30 t, 15 f, 11 t, OWNED: 92, 35, 11, 49, 88, 14, 85, 42, 40, 41, 69, 51, 82, 73, 5, 87, 60, 62, 33, 97, 70, 16, 59, 13, 45, 
WINNING: 92 t, 70 t, 97 t, 62 t, 33 t, 45 t, 85 t, 59 t, 82 t, 73 t, OWNED: 87, 47, 91, 35, 39, 64, 73, 83, 71, 22, 10, 45, 1, 76, 37, 13, 20, 66, 67, 21, 86, 92, 38, 12, 52, 
WINNING: 5 f, 22 t, 64 t, 46 f, 32 f, 90 f, 57 f, 83 t, 37 t, 38 t, OWNED: 17, 7, 58, 2, 53, 95, 52, 62, 83, 41, 42, 36, 4, 94, 64, 97, 20, 32, 3, 73, 81, 22, 57, 37, 9, 
WINNING: 7 t, 49 f, 62 t, 79 f, 37 t, 91 f, 3 t, 58 t, 74 f, 19 f, OWNED: 81, 26, 11, 34, 83, 25, 45, 76, 2, 85, 33, 64, 57, 99, 93, 75, 96, 8, 84, 44, 79, 87, 97, 40, 70, 
WINNING: 84 t, 33 t, 81 t, 45 t, 99 t, 96 t, 76 t, 97 t, 40 t, 2 t, OWNED: 4, 16, 71, 31, 45, 53, 73, 55, 6, 83, 69, 2, 94, 18, 58, 88, 20, 41, 46, 56, 11, 19, 37, 43, 22, 
WINNING: 37 t, 41 t, 20 t, 56 t, 16 t, 42 f, 43 t, 11 t, 55 t, 4 t, OWNED: 94, 39, 38, 21, 60, 97, 24, 33, 34, 59, 82, 55, 43, 12, 88, 81, 46, 9, 83, 93, 22, 30, 41, 98, 42, 
WINNING: 9 t, 81 t, 46 t, 38 t, 55 t, 60 t, 39 t, 43 t, 42 t, 93 t, OWNED: 59, 53, 36, 57, 11, 80, 75, 2, 73, 15, 56, 89, 33, 97, 48, 77, 74, 41, 14, 28, 31, 35, 95, 55, 34, 
WINNING: 15 t, 89 t, 14 t, 33 t, 57 t, 55 t, 75 t, 53 t, 80 t, 34 t, OWNED: 16, 44, 4, 98, 45, 50, 77, 64, 55, 5, 78, 90, 54, 95, 48, 12, 8, 28, 94, 83, 9, 27, 88, 85, 13, 
WINNING: 85 t, 50 t, 16 t, 90 t, 98 t, 55 t, 13 t, 71 f, 20 f, 9 t, OWNED: 78, 39, 9, 22, 31, 86, 48, 18, 16, 98, 15, 51, 44, 21, 28, 54, 87, 82, 13, 36, 47, 12, 55, 75, 30, 
WINNING: 41 f, 85 f, 80 f, 55 t, 27 f, 32 f, 26 f, 68 f, 57 f, 77 f, OWNED: 68, 91, 65, 86, 42, 44, 82, 56, 58, 18, 77, 20, 95, 54, 21, 90, 22, 14, 24, 33, 6, 63, 40, 36, 28, 
WINNING: 30 f, 86 t, 48 f, 11 f, 24 t, 68 t, 95 t, 82 t, 44 t, 45 f, OWNED: 75, 47, 8, 2, 36, 10, 34, 44, 71, 48, 31, 82, 70, 42, 92, 93, 81, 72, 94, 22, 51, 91, 73, 67, 78, 
WINNING: 81 t, 84 f, 89 f, 44 t, 27 f, 49 f, 36 t, 8 t, 70 t, 22 t, OWNED: 65, 87, 72, 84, 10, 1, 24, 94, 59, 16, 15, 64, 49, 92, 78, 17, 28, 69, 55, 67, 6, 91, 96, 58, 60, 
WINNING: 95 f, 62 f, 99 f, 37 f, 38 f, 52 f, 88 f, 92 t, 79 f, 54 f, OWNED: 77, 11, 55, 81, 43, 20, 90, 14, 54, 52, 34, 10, 4, 74, 12, 99, 83, 17, 51, 5, 21, 56, 91, 37, 61, 
WINNING: 89 f, 92 f, 19 f, 42 f, 96 f, 33 f, 44 f, 1 f, 76 f, 36 f, OWNED: 31, 78, 15, 17, 35, 55, 83, 33, 48, 12, 60, 77, 92, 65, 30, 72, 43, 39, 64, 62, 63, 1, 14, 58, 5, 
WINNING: 7 f, 4 f, 51 f, 9 f, 16 f, 56 f, 3 f, 81 f, 85 f, 21 f, OWNED: 89, 61, 26, 7, 99, 77, 11, 50, 71, 12, 55, 54, 31, 49, 81, 32, 33, 74, 52, 97, 79, 3, 91, 76, 37, 
WINNING: 95 f, 47 f, 9 f, 72 f, 82 f, 48 f, 84 f, 37 t, 23 f, 65 f, OWNED: 66, 71, 42, 29, 82, 73, 9, 72, 54, 19, 46, 24, 23, 59, 64, 5, 41, 48, 55, 53, 25, 62, 74, 34, 78, 
WINNING: 58 f, 37 f, 93 f, 89 f, 50 f, 61 f, 52 f, 95 f, 36 f, 3 f, OWNED: 35, 24, 41, 95, 87, 67, 10, 91, 57, 40, 80, 17, 47, 98, 77, 79, 25, 1, 32, 53, 11, 3, 14, 42, 73, 
WINNING: 92 f, 82 f, 9 f, 63 f, 64 f, 65 f, 48 f, 93 f, 19 f, 7 f, OWNED: 20, 34, 93, 41, 36, 25, 44, 97, 30, 5, 32, 42, 75, 71, 84, 23, 76, 89, 33, 26, 65, 52, 78, 81, 70, 
WINNING: 62 f, 60 f, 83 f, 65 t, 7 f, 43 f, 18 f, 53 f, 91 f, 4 f, OWNED: 74, 6, 13, 70, 15, 80, 59, 32, 35, 42, 44, 50, 49, 73, 63, 4, 82, 27, 68, 31, 92, 29, 98, 11, 85, 
WINNING: 90 f, 68 t, 7 f, 51 f, 3 f, 89 f, 62 f, 67 f, 18 f, 23 f, OWNED: 99, 51, 82, 24, 18, 65, 55, 72, 85, 36, 86, 95, 71, 61, 77, 38, 12, 4, 96, 89, 7, 97, 40, 66, 91, 
WINNING: 22 f, 28 f, 52 f, 16 f, 49 f, 54 f, 55 t, 51 t, 89 t, 20 f, OWNED: 3, 27, 22, 64, 74, 31, 55, 70, 78, 40, 94, 13, 42, 93, 9, 28, 45, 98, 57, 33, 1, 16, 21, 92, 24, 
WINNING: 64 t, 40 t, 71 f, 56 f, 94 t, 62 f, 60 f, 72 f, 22 t, 55 t, OWNED: 14, 65, 50, 8, 74, 29, 62, 64, 59, 60, 88, 23, 7, 36, 12, 52, 34, 58, 97, 35, 70, 86, 79, 73, 31, 
WINNING: 59 t, 21 f, 57 f, 48 f, 64 t, 98 f, 34 t, 84 f, 95 f, 52 t, OWNED: 25, 72, 10, 81, 70, 58, 1, 37, 62, 67, 96, 21, 35, 26, 20, 97, 14, 39, 74, 29, 12, 57, 18, 91, 42, 
WINNING: 81 t, 89 f, 72 t, 63 f, 67 t, 2 f, 97 t, 19 f, 58 t, 70 t, OWNED: 76, 47, 32, 58, 16, 19, 41, 17, 18, 82, 70, 68, 27, 7, 55, 1, 24, 11, 59, 94, 30, 90, 85, 26, 53, 
WINNING: 74 f, 61 f, 1 t, 98 f, 5 f, 68 t, 20 f, 47 t, 81 f, 78 f, OWNED: 39, 58, 75, 3, 9, 86, 84, 91, 88, 42, 14, 83, 18, 52, 50, 37, 63, 24, 5, 71, 23, 62, 94, 61, 92, 
WINNING: 37 t, 24 t, 52 t, 75 t, 26 f, 62 t, 71 t, 8 f, 59 f, 92 t, OWNED: 83, 96, 14, 38, 27, 35, 68, 13, 91, 84, 48, 99, 29, 23, 52, 31, 9, 17, 79, 89, 3, 51, 81, 6, 56, 
WINNING: 66 f, 87 f, 81 t, 58 f, 95 f, 41 f, 47 f, 76 f, 20 f, 12 f, OWNED: 86, 2, 50, 27, 46, 48, 74, 55, 36, 81, 54, 42, 47, 18, 98, 91, 4, 76, 33, 21, 49, 26, 56, 35, 68, 
WINNING: 78 f, 15 f, 62 f, 95 f, 50 t, 63 f, 29 f, 61 f, 12 f, 25 f, OWNED: 28, 45, 73, 8, 56, 52, 53, 97, 5, 35, 86, 3, 54, 4, 32, 88, 23, 60, 1, 47, 95, 74, 10, 49, 39, 
WINNING: 15 f, 2 f, 1 t, 97 t, 6 f, 42 f, 96 f, 67 f, 17 f, 86 t, OWNED: 12, 36, 35, 28, 38, 86, 8, 89, 46, 52, 4, 39, 93, 63, 20, 91, 50, 11, 27, 83, 74, 92, 67, 79, 18, 
WINNING: 89 t, 99 f, 6 f, 27 t, 26 f, 8 t, 68 f, 57 f, 36 t, 97 f, OWNED: 83, 15, 44, 67, 85, 28, 41, 42, 58, 3, 16, 51, 34, 37, 66, 5, 9, 82, 73, 96, 27, 65, 33, 29, 92, 
WINNING: 49 f, 27 t, 7 f, 26 f, 25 f, 78 f, 74 f, 32 f, 59 f, 55 f, OWNED: 76, 94, 25, 60, 90, 1, 49, 88, 11, 72, 37, 45, 93, 97, 53, 77, 27, 63, 31, 74, 46, 95, 40, 26, 12, 
WINNING: 68 f, 79 f, 22 f, 61 f, 9 f, 78 f, 29 f, 17 f, 1 t, 83 f, OWNED: 11, 58, 2, 79, 32, 48, 56, 4, 24, 76, 66, 94, 1, 17, 47, 63, 38, 9, 75, 82, 99, 53, 91, 33, 88, 
WINNING: 44 f, 96 f, 29 f, 49 f, 85 f, 92 f, 98 f, 40 f, 83 f, 80 f, OWNED: 51, 62, 47, 76, 93, 34, 98, 45, 6, 95, 89, 41, 21, 40, 88, 19, 26, 43, 99, 14, 67, 29, 73, 59, 42, 
WINNING: 53 f, 13 f, 83 f, 11 f, 12 f, 39 f, 30 f, 77 f, 37 f, 87 f, OWNED: 74, 42, 70, 10, 4, 50, 88, 92, 73, 41, 76, 45, 11, 36, 23, 35, 24, 78, 18, 59, 8, 63, 72, 83, 93, 
WINNING: 23 t, 63 t, 92 t, 24 t, 4 t, 35 t, 93 t, 36 t, 73 t, 88 t, OWNED: 20, 11, 63, 14, 77, 39, 38, 12, 49, 94, 92, 36, 55, 93, 74, 30, 96, 95, 66, 51, 99, 27, 86, 52, 90, 
WINNING: 12 t, 94 t, 49 t, 20 t, 27 t, 52 t, 98 f, 66 t, 99 t, 92 t, OWNED: 95, 81, 45, 27, 59, 19, 38, 18, 30, 91, 85, 89, 75, 82, 4, 77, 34, 61, 46, 98, 40, 31, 86, 90, 21, 
WINNING: 30 t, 27 t, 40 t, 59 t, 75 t, 19 t, 90 t, 81 t, 61 t, 31 t, OWNED: 13, 4, 52, 90, 31, 11, 76, 34, 58, 91, 49, 80, 29, 55, 14, 98, 22, 51, 72, 83, 26, 57, 92, 62, 85, 
WINNING: 80 t, 31 t, 91 t, 49 t, 76 t, 14 t, 72 t, 62 t, 26 t, 51 t, OWNED: 57, 19, 88, 15, 24, 31, 74, 12, 43, 95, 83, 21, 10, 67, 54, 76, 8, 59, 52, 9, 71, 92, 25, 84, 55, 
WINNING: 24 t, 43 t, 54 t, 74 t, 83 t, 21 t, 57 t, 8 t, 19 t, 84 t, OWNED: 94, 76, 21, 26, 67, 80, 72, 39, 14, 82, 34, 85, 18, 43, 10, 65, 20, 64, 23, 47, 89, 69, 55, 17, 98, 
WINNING: 80 t, 50 f, 79 f, 31 f, 57 f, 43 t, 19 f, 36 f, 61 f, 14 t, OWNED: 52, 36, 72, 62, 64, 81, 86, 16, 63, 29, 15, 8, 23, 46, 38, 31, 33, 73, 88, 93, 24, 74, 21, 96, 26, 
WINNING: 52 t, 26 t, 71 f, 96 t, 24 t, 93 t, 64 t, 38 t, 80 f, 29 t, OWNED: 21, 28, 97, 6, 96, 54, 66, 33, 19, 93, 74, 91, 25, 80, 67, 31, 34, 17, 27, 37, 60, 62, 92, 4, 98, 
WINNING: 31 t, 96 t, 28 t, 34 t, 83 f, 59 f, 91 t, 19 t, 40 f, 62 t, OWNED: 78, 4, 35, 30, 14, 29, 96, 51, 20, 56, 18, 22, 93, 76, 94, 46, 74, 26, 75, 28, 3, 59, 39, 9, 31, 
WINNING: 51 t, 27 f, 11 f, 76 t, 40 f, 10 f, 80 f, 12 f, 9 t, 37 f, OWNED: 14, 93, 10, 17, 61, 40, 73, 6, 41, 95, 13, 62, 71, 98, 56, 29, 75, 24, 51, 26, 88, 7, 85, 84, 94, 
WINNING: 41 t, 77 f, 24 t, 13 t, 3 f, 6 t, 14 t, 1 f, 51 t, 9 f, OWNED: 40, 10, 8, 25, 20, 3, 38, 80, 32, 77, 26, 29, 61, 31, 1, 35, 98, 9, 63, 62, 84, 4, 88, 39, 73, 
WINNING: 59 f, 38 t, 20 t, 44 f, 13 f, 84 t, 74 f, 98 t, 31 t, 15 f, OWNED: 95, 58, 64, 76, 73, 90, 72, 28, 91, 26, 39, 27, 83, 37, 77, 70, 79, 55, 78, 43, 42, 69, 11, 88, 86, 
WINNING: 24 f, 63 f, 74 f, 81 f, 52 f, 1 f, 65 f, 22 f, 13 f, 85 f, OWNED: 71, 88, 3, 29, 63, 14, 81, 64, 9, 12, 13, 76, 32, 62, 53, 90, 99, 37, 80, 61, 87, 50, 75, 79, 17, 
WINNING: 42 f, 46 f, 68 f, 26 f, 43 f, 2 f, 38 f, 23 f, 81 t, 67 f, OWNED: 42, 46, 51, 32, 9, 55, 63, 91, 66, 69, 33, 34, 79, 11, 67, 27, 92, 21, 83, 77, 35, 38, 98, 74, 59, 
WINNING: 1 f, 26 f, 8 f, 25 f, 54 f, 65 f, 53 f, 56 f, 99 f, 73 f, OWNED: 71, 40, 89, 51, 75, 31, 93, 45, 53, 13, 92, 11, 98, 68, 44, 87, 74, 61, 8, 39, 30, 63, 1, 7, 76, 
WINNING: 75 t, 47 f, 66 f, 55 f, 72 f, 60 f, 38 f, 53 t, 62 f, 21 f, OWNED: 20, 7, 31, 66, 69, 37, 30, 42, 86, 43, 83, 34, 70, 78, 56, 15, 3, 50, 41, 67, 88, 17, 46, 81, 96, 
WINNING: 54 f, 71 f, 4 f, 44 f, 61 f, 59 f, 64 f, 50 t, 73 f, 47 f, OWNED: 46, 69, 89, 30, 50, 65, 16, 83, 17, 44, 88, 70, 12, 91, 74, 67, 86, 63, 15, 29, 26, 60, 57, 14, 23, 
WINNING: 90 f, 32 f, 94 f, 66 f, 80 f, 55 f, 96 f, 47 f, 11 f, 51 f, OWNED: 4, 47, 38, 40, 95, 74, 97, 58, 53, 43, 21, 54, 35, 27, 46, 85, 16, 10, 14, 94, 3, 36, 66, 86, 5, 
WINNING: 87 f, 98 f, 51 f, 22 f, 7 f, 28 f, 33 f, 12 f, 17 f, 70 f, OWNED: 74, 5, 7, 24, 73, 85, 3, 77, 22, 19, 32, 44, 25, 69, 93, 86, 98, 46, 56, 26, 34, 50, 79, 23, 55, 
WINNING: 88 f, 63 f, 18 f, 90 f, 57 f, 37 f, 62 f, 58 f, 72 f, 28 f, OWNED: 39, 28, 14, 2, 95, 70, 44, 45, 34, 83, 18, 65, 94, 74, 40, 33, 73, 78, 87, 72, 64, 77, 10, 43, 50, 
WINNING: 40 t, 77 t, 65 t, 18 t, 14 t, 43 t, 94 t, 95 t, 45 t, 10 t, OWNED: 88, 79, 26, 19, 38, 90, 78, 53, 46, 52, 17, 15, 83, 56, 69, 75, 99, 62, 10, 35, 6, 36, 7, 45, 28, 
WINNING: 34 f, 55 f, 62 t, 11 f, 10 t, 76 f, 53 t, 25 f, 7 t, 35 t, OWNED: 74, 72, 51, 10, 55, 84, 22, 36, 54, 71, 39, 34, 83, 57, 75, 60, 86, 94, 53, 85, 37, 97, 9, 65, 42, 
WINNING: 36 t, 39 t, 79 f, 7 f, 83 t, 22 t, 10 t, 74 t, 86 t, 85 t, OWNED: 6, 88, 60, 44, 89, 18, 81, 68, 58, 71, 76, 20, 85, 40, 11, 59, 10, 92, 82, 66, 91, 54, 48, 95, 30, 
WINNING: 91 t, 20 t, 88 t, 6 t, 48 t, 82 t, 11 t, 10 t, 95 t, 40 t, OWNED: 56, 54, 99, 69, 58, 10, 49, 74, 11, 21, 68, 16, 87, 98, 1, 84, 83, 81, 78, 41, 76, 60, 63, 13, 22, 
WINNING: 44 f, 80 f, 81 t, 49 t, 32 f, 24 f, 40 f, 41 t, 77 f, 94 f, OWNED: 74, 87, 58, 24, 96, 12, 92, 14, 33, 68, 76, 99, 85, 70, 69, 19, 13, 3, 94, 21, 48, 97, 32, 1, 20, 
WINNING: 81 f, 32 t, 24 t, 86 f, 14 t, 28 f, 10 f, 21 t, 92 t, 70 t, OWNED: 89, 90, 34, 87, 57, 88, 6, 62, 96, 13, 28, 11, 61, 40, 77, 67, 2, 66, 81, 36, 42, 18, 91, 52, 56, 
WINNING: 18 t, 20 f, 67 t, 41 f, 90 t, 98 f, 61 t, 52 t, 11 t, 42 t, OWNED: 84, 98, 34, 95, 15, 63, 36, 92, 48, 28, 35, 83, 39, 93, 16, 6, 23, 81, 59, 42, 52, 62, 57, 22, 70, 
WINNING: 26 f, 28 t, 58 f, 35 t, 42 t, 73 f, 29 f, 23 t, 77 f, 95 t, OWNED: 60, 31, 90, 27, 49, 86, 32, 95, 87, 65, 74, 98, 43, 33, 67, 28, 61, 63, 17, 82, 9, 50, 21, 75, 85, 
WINNING: 22 f, 63 t, 17 t, 14 f, 53 f, 95 t, 13 f, 20 f, 40 f, 16 f, OWNED: 81, 97, 83, 73, 87, 1, 10, 55, 88, 41, 14, 26, 56, 63, 44, 71, 27, 7, 64, 69, 37, 11, 42, 93, 61, 
WINNING: 93 t, 69 t, 87 t, 27 t, 83 t, 7 t, 73 t, 81 t, 88 t, 14 t, OWNED: 16, 28, 38, 12, 43, 56, 11, 4, 79, 39, 93, 40, 8, 34, 23, 19, 53, 67, 29, 77, 68, 27, 30, 94, 46, 
WINNING: 15 f, 42 f, 34 t, 80 f, 13 f, 97 f, 21 f, 26 f, 20 f, 65 f, OWNED: 42, 56, 25, 1, 92, 97, 84, 63, 26, 95, 12, 50, 53, 48, 14, 78, 13, 28, 22, 37, 71, 77, 91, 41, 38, 
WINNING: 18 f, 7 f, 31 f, 15 f, 28 t, 1 t, 78 t, 41 t, 58 f, 48 t, OWNED: 38, 1, 83, 8, 75, 23, 70, 60, 11, 39, 4, 81, 74, 14, 79, 53, 51, 13, 32, 78, 58, 66, 24, 80, 92, 
WINNING: 5 f, 70 t, 37 f, 60 t, 66 t, 16 f, 81 t, 11 t, 47 f, 43 f, OWNED: 5, 19, 68, 18, 92, 35, 77, 32, 86, 84, 37, 42, 28, 13, 78, 71, 75, 98, 87, 29, 94, 16, 30, 67, 89, 
WINNING: 40 f, 51 f, 21 f, 14 f, 88 f, 48 f, 31 f, 20 f, 39 f, 76 f, OWNED: 83, 61, 59, 89, 11, 60, 98, 28, 22, 6, 66, 53, 71, 13, 68, 67, 58, 56, 46, 96, 76, 50, 20, 33, 97, 
WINNING: 47 f, 29 f, 76 t, 34 f, 14 f, 96 t, 15 f, 43 f, 69 f, 74 f, OWNED: 21, 8, 57, 98, 63, 93, 78, 12, 56, 43, 24, 33, 11, 26, 54, 4, 3, 47, 17, 96, 66, 64, 81, 85, 16, 
WINNING: 96 t, 21 t, 62 f, 93 t, 84 f, 51 f, 60 f, 98 t, 28 f, 35 f, OWNED: 64, 30, 44, 8, 58, 22, 78, 39, 40, 15, 38, 54, 85, 20, 57, 82, 4, 67, 86, 72, 37, 51, 96, 16, 18, 
WINNING: 55 f, 16 t, 42 f, 20 t, 26 f, 84 f, 76 f, 39 t, 29 f, 51 t, OWNED: 36, 29, 56, 79, 48, 60, 46, 12, 23, 24, 7, 94, 93, 30, 50, 43, 83, 68, 62, 63, 90, 70, 72, 74, 39, 
WINNING: 46 t, 64 f, 22 f, 56 t, 81 f, 45 f, 68 t, 54 f, 14 f, 24 t, OWNED: 1, 9, 39, 85, 30, 36, 8, 46, 84, 22, 69, 29, 81, 50, 2, 78, 73, 74, 95, 34, 77, 70, 5, 20, 12, 
WINNING: 27 f, 51 f, 60 f, 83 f, 18 f, 46 t, 10 f, 23 f, 57 f, 44 f, OWNED: 17, 39, 78, 70, 29, 33, 49, 32, 55, 76, 50, 93, 72, 73, 12, 56, 24, 61, 90, 8, 69, 58, 98, 86, 96, 
WINNING: 84 f, 85 f, 50 t, 14 f, 34 f, 1 f, 25 f, 10 f, 54 f, 15 f, OWNED: 90, 45, 13, 85, 78, 55, 86, 76, 65, 34, 59, 22, 37, 99, 49, 94, 60, 54, 46, 17, 84, 28, 61, 44, 74, 
WINNING: 91 f, 20 f, 66 f, 77 f, 51 f, 88 f, 69 f, 81 f, 79 f, 30 f, OWNED: 69, 6, 94, 11, 58, 93, 26, 3, 55, 43, 53, 32, 86, 20, 65, 21, 68, 81, 56, 15, 1, 72, 27, 71, 23, 
WINNING: 4 f, 9 f, 37 f, 77 f, 89 f, 91 f, 29 f, 31 f, 62 f, 57 f, OWNED: 71, 44, 75, 54, 64, 48, 22, 27, 30, 28, 72, 77, 67, 65, 15, 23, 7, 19, 85, 89, 42, 49, 26, 25, 16, 
WINNING: 26 t, 19 t, 49 t, 67 t, 15 t, 54 t, 44 t, 27 t, 25 t, 64 t, OWNED: 37, 96, 16, 58, 35, 13, 83, 73, 61, 4, 69, 92, 65, 11, 75, 53, 23, 49, 12, 22, 79, 33, 78, 74, 98, 
WINNING: 78 t, 13 t, 96 t, 18 f, 46 f, 74 t, 53 t, 16 t, 73 t, 33 t, OWNED: 39, 29, 16, 81, 94, 95, 5, 77, 32, 48, 67, 6, 19, 2, 96, 24, 53, 82, 65, 57, 93, 51, 44, 49, 58, 
WINNING: 93 t, 82 t, 29 t, 5 t, 95 t, 96 t, 57 t, 16 t, 94 t, 67 t, OWNED: 96, 58, 25, 36, 28, 24, 30, 35, 42, 20, 13, 97, 60, 85, 1, 53, 52, 26, 48, 70, 14, 99, 75, 8, 5, 
WINNING: 7 f, 48 t, 34 f, 66 f, 4 f, 31 f, 74 f, 99 t, 33 f, 96 t, OWNED: 84, 91, 57, 69, 27, 82, 16, 71, 30, 53, 18, 80, 13, 9, 35, 6, 20, 4, 44, 11, 37, 73, 90, 41, 12, 
WINNING: 6 t, 44 t, 69 t, 84 t, 80 t, 37 t, 35 t, 82 t, 90 t, 30 t, OWNED: 5, 72, 80, 64, 4, 73, 29, 13, 90, 37, 3, 26, 59, 77, 7, 84, 60, 81, 69, 46, 99, 24, 35, 75, 91, 
WINNING: 4 t, 75 t, 26 t, 24 t, 90 t, 91 t, 69 t, 77 t, 29 t, 60 t, OWNED: 17, 9, 47, 62, 86, 53, 82, 74, 46, 31, 67, 64, 14, 70, 98, 57, 71, 95, 30, 25, 28, 68, 89, 84, 59, 
WINNING: 70 t, 57 t, 68 t, 5 f, 86 t, 89 t, 95 t, 31 t, 87 f, 83 f, OWNED: 2, 8, 18, 63, 35, 7, 99, 93, 39, 73, 25, 77, 58, 83, 14, 51, 27, 56, 33, 40, 24, 37, 80, 71, 72, 
WINNING: 51 t, 56 t, 93 t, 33 t, 14 t, 71 t, 37 t, 77 t, 2 t, 58 t, OWNED: 48, 40, 43, 63, 35, 85, 98, 86, 22, 55, 26, 46, 17, 19, 68, 34, 56, 13, 64, 27, 72, 47, 49, 54, 24, 
WINNING: 86 t, 49 t, 19 t, 13 t, 54 t, 47 t, 56 t, 26 t, 81 f, 52 f, OWNED: 2, 64, 62, 81, 3, 28, 38, 9, 96, 8, 45, 40, 42, 83, 65, 32, 87, 6, 60, 4, 50, 36, 33, 68, 18, 
WINNING: 60 t, 81 t, 8 t, 65 t, 64 t, 32 t, 28 t, 87 t, 18 t, 6 t, OWNED: 68, 95, 31, 64, 41, 37, 22, 76, 6, 81, 51, 75, 67, 79, 33, 70, 94, 55, 58, 56, 42, 61, 29, 15, 13, 
WINNING: 75 t, 42 t, 51 t, 6 t, 29 t, 41 t, 94 t, 61 t, 55 t, 22 t, OWNED: 90, 88, 94, 61, 31, 59, 23, 47, 81, 85, 86, 48, 63, 35, 73, 52, 79, 70, 20, 1, 97, 28, 51, 75, 42, 
WINNING: 34 f, 7 f, 3 f, 23 t, 79 t, 80 f, 98 f, 40 f, 88 t, 48 t, OWNED: 23, 45, 76, 31, 93, 10, 84, 49, 68, 62, 28, 72, 20, 38, 82, 13, 25, 81, 60, 19, 9, 7, 34, 21, 89, 
WINNING: 76 t, 61 f, 71 f, 49 t, 23 t, 84 t, 64 f, 10 t, 82 t, 73 f, OWNED: 13, 19, 98, 73, 48, 37, 92, 68, 44, 93, 90, 72, 21, 60, 76, 80, 23, 57, 25, 20, 15, 78, 89, 62, 51, 
WINNING: 76 t, 15 t, 19 t, 25 t, 37 t, 72 t, 78 t, 80 t, 62 t, 57 t, OWNED: 22, 1, 64, 19, 3, 42, 63, 80, 84, 35, 43, 89, 51, 94, 54, 28, 32, 70, 31, 56, 4, 59, 79, 30, 7, 
WINNING: 20 f, 96 f, 12 f, 88 f, 73 f, 61 f, 75 f, 18 f, 5 f, 17 f, OWNED: 67, 32, 18, 55, 93, 61, 21, 29, 69, 83, 39, 92, 58, 23, 41, 59, 87, 30, 50, 25, 10, 94, 52, 71, 43, 
WINNING: 97 f, 67 t, 10 t, 32 t, 57 f, 41 t, 94 t, 26 f, 74 f, 43 t, OWNED: 58, 78, 45, 86, 23, 72, 85, 30, 17, 27, 93, 43, 25, 79, 57, 11, 71, 33, 44, 89, 13, 46, 3, 26, 48, 
WINNING: 18 f, 90 f, 8 f, 91 f, 82 f, 70 f, 88 f, 76 f, 32 f, 45 t, OWNED: 32, 23, 76, 40, 96, 56, 26, 9, 29, 63, 1, 33, 15, 75, 85, 5, 82, 70, 99, 30, 41, 58, 16, 42, 86, 
WINNING: 99 t, 17 f, 45 f, 67 f, 83 f, 78 f, 76 t, 93 f, 5 t, 52 f, OWNED: 22, 75, 6, 93, 9, 11, 88, 53, 47, 44, 59, 64, 35, 69, 29, 46, 3, 15, 91, 92, 30, 67, 45, 26, 56, 
WINNING: 81 f, 50 f, 99 f, 31 f, 96 f, 61 f, 90 f, 8 f, 36 f, 89 f, OWNED: 92, 52, 39, 94, 90, 66, 36, 68, 35, 63, 3, 5, 75, 86, 50, 30, 48, 2, 34, 64, 45, 17, 95, 53, 93, 
WINNING: 14 f, 92 t, 52 t, 90 t, 63 t, 31 f, 25 f, 23 f, 47 f, 75 t, OWNED: 36, 55, 92, 11, 62, 40, 16, 53, 21, 56, 78, 71, 31, 42, 85, 6, 45, 46, 57, 69, 12, 49, 65, 94, 20, 
WINNING: 17 f, 15 f, 32 f, 41 f, 78 t, 12 t, 24 f, 52 f, 34 f, 20 t, OWNED: 78, 79, 33, 36, 18, 60, 54, 35, 48, 47, 44, 29, 70, 91, 59, 99, 72, 22, 88, 75, 83, 20, 68, 15, 2, 
WINNING: 95 f, 72 t, 92 f, 52 f, 48 t, 6 f, 12 f, 90 f, 89 f, 11 f, OWNED: 70, 85, 45, 30, 69, 51, 62, 5, 72, 35, 23, 48, 12, 2, 31, 6, 57, 9, 43, 65, 55, 34, 74, 64, 82, 
WINNING: 26 f, 92 f, 77 f, 86 f, 75 f, 71 f, 40 f, 99 f, 18 f, 42 f, OWNED: 41, 60, 46, 2, 62, 94, 30, 17, 48, 38, 65, 58, 61, 45, 7, 81, 14, 33, 13, 66, 49, 36, 35, 83, 16, 
WINNING: 58 t, 47 f, 91 f, 85 f, 1 f, 98 f, 77 f, 97 f, 11 f, 59 f, OWNED: 89, 25, 2, 20, 19, 87, 35, 31, 27, 63, 58, 93, 79, 74, 42, 73, 6, 70, 45, 56, 68, 10, 23, 71, 4, 
WINNING: 52 f, 94 f, 29 f, 51 f, 24 f, 72 f, 81 f, 38 f, 22 f, 98 f, OWNED: 32, 21, 47, 79, 18, 85, 20, 31, 1, 81, 17, 57, 99, 36, 11, 68, 29, 15, 83, 38, 72, 13, 10, 44, 45, 
WINNING: 53 f, 31 t, 52 f, 12 f, 77 f, 13 t, 57 t, 75 f, 83 t, 33 f, OWNED: 33, 49, 53, 88, 29, 25, 93, 69, 3, 58, 7, 39, 10, 44, 46, 71, 11, 87, 50, 65, 81, 84, 4, 45, 98, 
WINNING: 10 t, 29 t, 45 t, 39 t, 88 t, 11 t, 84 t, 46 t, 33 t, 50 t, OWNED: 45, 3, 43, 62, 8, 57, 20, 30, 40, 99, 61, 36, 38, 82, 16, 90, 17, 87, 9, 89, 91, 47, 66, 86, 68, 
WINNING: 36 t, 89 t, 17 t, 61 t, 91 t, 20 t, 40 t, 8 t, 82 t, 47 t, OWNED: 8, 19, 31, 95, 42, 34, 1, 83, 91, 94, 12, 18, 14, 65, 11, 74, 63, 81, 54, 22, 41, 33, 97, 4, 15, 
WINNING: 8 t, 13 f, 16 f, 10 f, 53 f, 17 f, 67 f, 40 f, 36 f, 84 f, OWNED: 30, 96, 65, 49, 85, 9, 55, 78, 90, 37, 68, 59, 48, 51, 21, 14, 50, 67, 10, 52, 33, 36, 70, 57, 53, 
WINNING: 55 t, 85 t, 53 t, 30 t, 52 t, 59 t, 96 t, 36 t, 33 t, 21 t, OWNED: 45, 50, 80, 64, 55, 81, 77, 54, 92, 29, 93, 3, 21, 84, 78, 65, 40, 34, 98, 43, 13, 5, 94, 33, 18, 
WINNING: 40 t, 29 t, 81 t, 28 f, 52 f, 78 t, 5 t, 33 t, 87 f, 77 t, OWNED: 51, 89, 58, 46, 80, 29, 50, 14, 91, 66, 57, 98, 31, 82, 39, 17, 99, 81, 13, 55, 43, 32, 77, 18, 65, 
WINNING: 91 t, 31 t, 32 t, 89 t, 65 t, 14 t, 81 t, 46 t, 80 t, 17 t, OWNED: 36, 64, 17, 44, 61, 80, 34, 12, 28, 42, 98, 77, 66, 40, 45, 96, 19, 93, 3, 48, 10, 25, 88, 22, 30, 
WINNING: 64 t, 3 t, 12 t, 40 t, 34 t, 93 t, 80 t, 96 t, 45 t, 88 t, OWNED: 48, 60, 50, 52, 64, 85, 45, 68, 8, 55, 62, 91, 71, 97, 98, 24, 70, 20, 43, 80, 76, 7, 18, 96, 1, 
WINNING: 36 f, 43 t, 48 t, 47 f, 24 t, 7 t, 71 t, 13 f, 72 f, 75 f, OWNED: 28, 52, 96, 36, 84, 33, 68, 92, 98, 18, 37, 26, 21, 16, 82, 4, 43, 6, 9, 79, 30, 75, 42, 77, 91, 
WINNING: 64 f, 82 t, 48 f, 63 f, 66 f, 62 f, 79 t, 40 f, 51 f, 17 f, OWNED: 94, 74, 91, 84, 60, 36, 10, 33, 45, 55, 37, 62, 90, 31, 19, 44, 25, 8, 78, 38, 87, 18, 64, 70, 20, 
WINNING: 84 t, 70 t, 36 t, 38 t, 87 t, 33 t, 64 t, 45 t, 8 t, 91 t, OWNED: 60, 92, 53, 82, 6, 49, 67, 27, 5, 61, 4, 90, 68, 73, 10, 75, 76, 54, 17, 71, 95, 50, 37, 87, 84, 
WINNING: 10 t, 92 t, 76 t, 54 t, 73 t, 71 t, 68 t, 49 t, 53 t, 27 t, OWNED: 76, 94, 8, 44, 86, 7, 78, 15, 41, 25, 4, 51, 66, 53, 36, 14, 59, 69, 74, 5, 88, 33, 45, 83, 17, 
WINNING: 10 f, 68 f, 81 f, 55 f, 1 f, 91 f, 64 f, 75 f, 92 f, 39 f, OWNED: 6, 16, 52, 24, 84, 17, 92, 79, 14, 38, 11, 32, 54, 83, 63, 43, 74, 64, 45, 94, 68, 67, 66, 78, 10, 
WINNING: 35 f, 23 f, 45 t, 13 f, 9 f, 14 t, 94 t, 6 t, 12 f, 41 f, OWNED: 85, 10, 6, 5, 52, 32, 45, 46, 8, 24, 86, 2, 29, 27, 12, 11, 40, 69, 64, 21, 13, 68, 33, 93, 63, 
WINNING: 68 t, 33 t, 17 f, 3 f, 24 t, 21 t, 79 f, 44 f, 84 f, 6 t, OWNED: 80, 77, 32, 94, 3, 25, 64, 63, 72, 49, 42, 38, 35, 36, 93, 26, 67, 89, 17, 66, 12, 92, 96, 65, 90, 
WINNING: 77 t, 42 t, 71 f, 14 f, 17 t, 27 f, 4 f, 75 f, 45 f, 8 f, OWNED: 41, 14, 54, 30, 68, 50, 12, 6, 76, 91, 8, 95, 3, 53, 5, 2, 98, 56, 90, 38, 21, 39, 20, 45, 16, 
WINNING: 94 f, 91 t, 9 f, 21 t, 25 f, 86 f, 37 f, 13 f, 93 f, 96 f, OWNED: 92, 9, 95, 48, 86, 89, 56, 7, 83, 16, 97, 78, 23, 65, 62, 30, 28, 29, 17, 6, 59, 96, 37, 88, 49, 
WINNING: 49 t, 59 t, 88 t, 74 f, 16 t, 29 t, 83 t, 17 t, 60 f, 47 f, OWNED: 35, 12, 29, 70, 80, 69, 18, 38, 31, 97, 53, 33, 56, 66, 36, 73, 58, 60, 44, 61, 94, 63, 2, 22, 17, 
WINNING: 68 f, 64 f, 89 f, 27 f, 10 f, 36 t, 12 t, 38 t, 87 f, 46 f, OWNED: 30, 37, 2, 15, 24, 49, 19, 86, 62, 70, 60, 88, 79, 11, 1, 98, 71, 55, 14, 48, 51, 35, 23, 16, 96, 
WINNING: 77 f, 92 f, 88 t, 57 f, 3 f, 61 f, 54 f, 44 f, 15 t, 22 f, OWNED: 95, 22, 29, 33, 69, 91, 46, 40, 78, 92, 34, 52, 65, 98, 99, 28, 2, 35, 73, 86, 4, 94, 31, 25, 88, 
WINNING: 76 f, 29 t, 81 f, 69 t, 87 f, 79 f, 10 f, 49 f, 62 f, 31 t, OWNED: 54, 71, 17, 24, 48, 47, 99, 74, 64, 39, 88, 35, 79, 80, 84, 2, 33, 20, 16, 27, 59, 37, 6, 97, 55, 
WINNING: 1 f, 99 t, 64 t, 88 t, 36 f, 28 f, 92 f, 32 f, 63 f, 9 f, OWNED: 31, 43, 84, 97, 85, 48, 50, 17, 82, 22, 18, 75, 24, 36, 5, 23, 63, 95, 94, 87, 91, 8, 37, 7, 54, 
WINNING: 52 f, 58 f, 71 f, 21 f, 38 f, 88 f, 83 f, 79 f, 39 f, 10 f, OWNED: 89, 74, 88, 23, 66, 70, 92, 16, 36, 65, 78, 41, 49, 99, 53, 5, 57, 11, 29, 98, 56, 44, 97, 64, 35, 
WINNING: 10 f, 54 f, 52 f, 8 f, 38 f, 60 f, 47 f, 73 f, 42 f, 33 f, OWNED: 73, 42, 64, 66, 27, 59, 98, 8, 68, 70, 47, 67, 81, 25, 40, 93, 91, 6, 77, 20, 99, 31, 50, 43, 61, 
WINNING: 35 f, 26 f, 36 f, 87 f, 14 f, 85 f, 88 f, 54 f, 5 f, 53 f, OWNED: 29, 34, 10, 71, 68, 30, 7, 22, 28, 91, 21, 49, 23, 93, 60, 20, 57, 80, 78, 25, 13, 42, 84, 17, 43, 
WINNING: 91 t, 7 t, 42 t, 28 t, 60 t, 68 t, 25 t, 80 t, 57 t, 93 t, OWNED: 44, 64, 42, 70, 77, 99, 84, 80, 59, 53, 37, 18, 26, 56, 97, 33, 31, 50, 15, 41, 52, 58, 63, 93, 65, 
WINNING: 36 f, 98 f, 95 f, 88 f, 82 f, 61 f, 75 f, 30 f, 43 f, 54 f, OWNED: 26, 42, 36, 4, 8, 84, 38, 12, 95, 48, 55, 37, 91, 25, 81, 32, 50, 14, 21, 33, 77, 92, 59, 2, 97, 
WINNING: 83 f, 91 t, 98 f, 86 f, 39 f, 72 f, 13 f, 19 f, 42 t, 73 f, OWNED: 59, 99, 23, 55, 72, 92, 44, 40, 53, 68, 88, 14, 69, 65, 35, 32, 28, 79, 75, 74, 34, 27, 87, 77, 47, 
WINNING: 1 f, 13 f, 47 t, 70 f, 17 f, 85 f, 19 f, 63 f, 38 f, 92 t, OWNED: 5, 29, 39, 92, 65, 69, 79, 57, 66, 23, 46, 22, 77, 7, 93, 73, 24, 38, 95, 6, 97, 43, 76, 42, 31, 
WINNING: 22 t, 93 t, 70 f, 76 t, 73 t, 17 f, 69 t, 24 t, 74 f, 61 f, OWNED: 59, 73, 86, 29, 27, 58, 82, 2, 69, 84, 4, 34, 49, 12, 6, 80, 46, 19, 7, 92, 72, 88, 38, 39, 63, 
WINNING: 23 f, 4 t, 75 f, 77 f, 41 f, 61 f, 88 t, 73 t, 50 f, 82 t, OWNED: 76, 28, 5, 72, 91, 18, 27, 83, 47, 67, 21, 11, 34, 62, 14, 90, 13, 49, 85, 74, 66, 58, 65, 4, 78, 
WINNING: 48 f, 73 f, 51 f, 4 t, 52 f, 69 f, 74 t, 67 t, 65 t, 81 f, OWNED: 30, 14, 80, 39, 32, 55, 54, 11, 82, 87, 68, 2, 99, 3, 47, 78, 40, 69, 5, 77, 53, 50, 56, 86, 74, 
WINNING: 55 t, 32 t, 80 t, 57 f, 86 t, 78 t, 54 t, 90 f, 97 f, 41 f, OWNED: 88, 49, 38, 44, 56, 59, 25, 16, 20, 36, 75, 14, 62, 84, 6, 71, 86, 63, 91, 10, 57, 67, 98, 85, 52, 
WINNING: 29 f, 52 t, 70 f, 64 f, 28 f, 93 f, 18 f, 55 f, 36 t, 88 t, OWNED: 40, 21, 18, 65, 87, 49, 15, 32, 3, 82, 95, 41, 4, 42, 29, 93, 88, 57, 56, 62, 12, 68, 2, 27, 67, 
WINNING: 65 t, 34 f, 63 f, 69 f, 67 t, 18 t, 50 f, 40 t, 49 t, 82 t, OWNED: 26, 8, 5, 36, 70, 86, 66, 59, 50, 13, 15, 9, 68, 3, 39, 77, 92, 2, 96, 61, 48, 84, 83, 82, 32, 
WINNING: 8 t, 82 t, 31 f, 30 f, 9 t, 54 f, 80 f, 98 f, 17 f, 42 f, OWNED: 22, 24, 30, 55, 9, 81, 56, 72, 97, 76, 92, 10, 19, 98, 63, 57, 88, 7, 18, 32, 5, 61, 29, 49, 12, 
WINNING: 72 t, 5 t, 32 t, 33 f, 45 f, 44 f, 21 f, 3 f, 2 f, 27 f, OWNED: 44, 70, 20, 86, 62, 68, 22, 78, 28, 32, 73, 12, 72, 88, 69, 59, 24, 56, 60, 6, 35, 49, 91, 58, 83, 
WINNING: 58 t, 47 f, 61 f, 98 f, 96 f, 94 f, 85 f, 76 f, 73 t, 52 f, OWNED: 69, 43, 76, 8, 83, 92, 38, 36, 91, 2, 24, 74, 10, 9, 7, 45, 79, 23, 89, 34, 28, 31, 40, 18, 37, 
WINNING: 17 f, 14 f, 55 f, 39 f, 13 f, 61 f, 42 f, 84 f, 57 f, 52 f, OWNED: 37, 27, 61, 31, 70, 54, 19, 34, 81, 89, 76, 17, 25, 66, 4, 56, 49, 13, 35, 32, 96, 5, 26, 2, 68, 
WINNING: 55 f, 36 f, 9 f, 53 f, 67 f, 98 f, 95 f, 11 f, 45 f, 1 f, OWNED: 60, 99, 4, 49, 50, 5, 90, 32, 6, 58, 18, 63, 45, 25, 82, 74, 96, 35, 43, 69, 14, 62, 46, 15, 41, 
WINNING: 91 f, 9 f, 31 f, 61 f, 30 f, 48 f, 11 f, 81 f, 37 f, 42 f, OWNED: 40, 17, 34, 85, 77, 86, 65, 7, 93, 33, 4, 42, 48, 75, 94, 81, 99, 52, 56, 26, 15, 23, 35, 60, 30, 
WINNING: 86 t, 99 t, 81 t, 30 t, 94 t, 65 t, 52 t, 77 t, 17 t, 26 t, OWNED: 94, 7, 48, 88, 43, 69, 62, 29, 38, 30, 31, 56, 50, 58, 81, 52, 46, 55, 97, 3, 40, 1, 33, 18, 23, 
WINNING: 96 f, 30 t, 61 f, 70 f, 40 t, 69 t, 55 t, 19 f, 13 f, 11 f, OWNED: 38, 11, 75, 36, 64, 69, 14, 77, 84, 40, 15, 73, 76, 35, 19, 86, 93, 95, 32, 8, 78, 9, 66, 49, 48, 
WINNING: 45 f, 36 t, 22 f, 56 f, 75 t, 66 t, 27 f, 73 t, 9 t, 71 f, OWNED: 9, 49, 45, 72, 81, 25, 55, 76, 77, 99, 95, 12, 8, 24, 74, 20, 11, 16, 52, 43, 51, 21, 46, 14, 13, 
WINNING: 81 t, 99 t, 76 t, 52 t, 43 t, 11 t, 72 t, 20 t, 8 t, 24 t, OWNED: 45, 73, 81, 78, 57, 79, 3, 27, 92, 71, 94, 56, 83, 60, 74, 1, 15, 43, 42, 23, 85, 2, 95, 58, 84, 
WINNING: 85 t, 27 t, 15 t, 60 t, 95 t, 55 f, 48 f, 2 t, 94 t, 3 t, OWNED: 44, 79, 62, 12, 4, 99, 74, 2, 85, 52, 9, 70, 58, 55, 54, 56, 95, 8, 13, 64, 7, 75, 63, 22, 82, 
WINNING: 70 t, 52 t, 7 t, 99 t, 4 t, 8 t, 85 t, 74 t, 56 t, 12 t, OWNED: 47, 71, 86, 22, 60, 76, 42, 34, 35, 3, 52, 68, 92, 58, 91, 89, 33, 8, 88, 59, 1, 18, 31, 41, 79, 
WINNING: 31 t, 8 t, 18 t, 89 t, 88 t, 79 t, 35 t, 59 t, 76 t, 41 t, OWNED: 12, 29, 2, 34, 23, 94, 72, 78, 66, 48, 64, 5, 52, 96, 20, 91, 57, 92, 85, 37, 87, 75, 73, 90, 43, 
WINNING: 68 f, 9 f, 55 f, 95 f, 61 f, 25 f, 59 f, 32 f, 40 f, 58 f, OWNED: 59, 28, 6, 57, 49, 78, 27, 90, 13, 10, 58, 82, 17, 50, 73, 38, 15, 74, 25, 91, 60, 32, 96, 55, 80, 
WINNING: 33 f, 70 f, 62 f, 54 f, 30 f, 96 t, 26 f, 3 f, 95 f, 86 f, OWNED: 51, 97, 20, 38, 49, 45, 22, 17, 39, 64, 35, 54, 81, 80, 28, 90, 68, 30, 47, 86, 41, 53, 42, 34, 8, 
WINNING: 80 t, 8 t, 47 t, 81 t, 20 t, 82 f, 38 t, 54 t, 30 t, 22 t, OWNED: 69, 25, 22, 37, 83, 29, 62, 20, 78, 13, 46, 51, 9, 98, 60, 21, 96, 53, 43, 3, 33, 63, 84, 32, 77, 
WINNING: 11 f, 62 t, 36 f, 43 t, 32 t, 20 t, 96 t, 27 f, 21 t, 4 f, OWNED: 62, 49, 7, 96, 60, 22, 75, 13, 1, 21, 29, 64, 41, 71, 83, 58, 12, 34, 57, 52, 19, 76, 67, 40, 3, 
WINNING: 75 t, 49 t, 89 f, 67 t, 22 t, 1 t, 92 f, 73 f, 60 t, 41 t, OWNED: 14, 82, 35, 60, 67, 64, 27, 50, 72, 85, 24, 49, 47, 68, 40, 87, 84, 78, 93, 16, 36, 73, 51, 70, 91, 
WINNING: 67 t, 64 t, 27 t, 71 f, 93 t, 18 f, 11 f, 49 t, 56 f, 76 f, OWNED: 32, 76, 60, 21, 93, 45, 11, 44, 9, 23, 34, 30, 57, 51, 18, 88, 14, 81, 75, 99, 52, 19, 73, 72, 12, 
WINNING: 74 f, 20 f, 49 f, 81 t, 99 t, 35 f, 53 f, 68 f, 50 f, 88 t, OWNED: 10, 16, 63, 35, 6, 92, 14, 90, 94, 83, 71, 46, 85, 54, 49, 21, 37, 76, 58, 75, 84, 22, 86, 57, 43, 
WINNING: 31 f, 6 t, 20 f, 34 f, 1 f, 25 f, 35 t, 86 t, 54 t, 83 t, OWNED: 80, 33, 18, 86, 13, 25, 41, 28, 1, 74, 5, 51, 63, 27, 7, 77, 43, 40, 66, 60, 30, 52, 55, 45, 96, 
WINNING: 71 f, 2 f, 91 f, 45 t, 18 t, 67 f, 32 f, 35 f, 70 f, 4 f, OWNED: 13, 7, 87, 92, 8, 85, 17, 20, 60, 62, 27, 50, 51, 58, 59, 21, 74, 99, 12, 18, 32, 64, 6, 71, 75, 
WINNING: 56 f, 80 f, 7 t, 96 f, 74 t, 20 t, 25 f, 91 f, 42 f, 15 f, OWNED: 21, 74, 82, 81, 59, 55, 37, 88, 56, 11, 22, 63, 31, 99, 86, 26, 5, 16, 57, 83, 24, 97, 1, 42, 60, 
WINNING: 4 f, 62 f, 31 t, 56 t, 10 f, 21 t, 45 f, 51 f, 59 t, 28 f, OWNED: 36, 85, 26, 9, 51, 41, 49, 87, 66, 70, 76, 32, 16, 46, 62, 88, 27, 44, 84, 34, 78, 4, 65, 81, 10, 
WINNING: 94 f, 10 t, 52 f, 85 t, 46 t, 27 t, 60 f, 31 f, 82 f, 72 f, OWNED: 67, 69, 85, 45, 29, 71, 7, 26, 97, 91, 11, 48, 65, 22, 12, 81, 60, 34, 77, 25, 80, 10, 38, 24, 8, 
WINNING: 8 t, 14 f, 12 t, 94 f, 28 f, 37 f, 96 f, 13 f, 36 f, 70 f, OWNED: 72, 73, 99, 87, 80, 49, 68, 2, 25, 19, 44, 51, 45, 78, 24, 10, 82, 92, 28, 50, 36, 58, 5, 11, 33, 
WINNING: 16 f, 2 t, 11 t, 60 f, 29 f, 32 f, 85 f, 84 f, 18 f, 37 f, OWNED: 55, 16, 24, 32, 82, 9, 1, 91, 81, 34, 94, 61, 89, 76, 40, 58, 88, 2, 23, 25, 49, 44, 83, 42, 21, 
WINNING: 88 t, 20 f, 78 f, 53 f, 45 f, 93 f, 64 f, 86 f, 62 f, 7 f, OWNED: 75, 12, 72, 24, 86, 81, 2, 96, 41, 69, 8, 7, 98, 20, 16, 38, 77, 44, 32, 17, 73, 51, 35, 76, 27, 
WINNING: 30 f, 43 f, 68 f, 19 f, 84 f, 46 f, 34 f, 79 f, 83 f, 40 f, OWNED: 63, 44, 48, 60, 89, 80, 16, 30, 82, 85, 69, 5, 98, 36, 47, 43, 37, 78, 75, 7, 2, 79, 40, 55, 90, 
WINNING: 36 t, 65 f, 99 f, 63 t, 11 f, 80 t, 98 t, 57 f, 2 t, 75 t, OWNED: 29, 39, 55, 97, 42, 28, 81, 76, 98, 49, 93, 51, 20, 2, 18, 44, 50, 90, 22, 64, 45, 41, 94, 68, 60, 
WINNING: 41 t, 22 t, 51 t, 44 t, 98 t, 50 t, 68 t, 64 t, 39 t, 18 t, OWNED: 30, 22, 90, 14, 5, 8, 42, 43, 61, 87, 50, 29, 34, 26, 53, 93, 95, 1, 51, 58, 91, 45, 18, 12, 78, 
WINNING: 45 t, 51 t, 90 t, 61 t, 87 t, 12 t, 43 t, 42 t, 26 t, 30 t, OWNED: 45, 30, 58, 70, 65, 47, 74, 99, 25, 32, 6, 3, 94, 97, 76, 11, 50, 21, 36, 18, 38, 7, 55, 60, 95, 
WINNING: 95 t, 73 f, 34 f, 88 f, 4 f, 83 f, 91 f, 10 f, 1 f, 20 f, OWNED: 78, 39, 29, 27, 6, 73, 46, 22, 75, 95, 42, 12, 23, 93, 89, 85, 20, 1, 97, 72, 48, 58, 24, 70, 91, 
WINNING: 12 t, 23 t, 97 t, 6 t, 85 t, 48 t, 73 t, 1 t, 78 t, 46 t, OWNED: 93, 82, 64, 79, 88, 28, 51, 13, 23, 59, 71, 47, 37, 83, 70, 25, 35, 86, 58, 56, 61, 67, 78, 62, 50, 
WINNING: 88 t, 37 t, 59 t, 56 t, 86 t, 58 t, 64 t, 51 t, 35 t, 47 t, OWNED: 68, 10, 99, 70, 61, 43, 50, 6, 59, 75, 4, 97, 34, 91, 44, 71, 67, 93, 69, 38, 73, 48, 33, 17, 83, 
WINNING: 86 f, 97 t, 60 f, 68 t, 91 t, 83 t, 55 f, 56 f, 75 t, 16 f, OWNED: 41, 14, 24, 64, 74, 43, 99, 36, 33, 89, 17, 71, 49, 21, 37, 57, 32, 85, 72, 47, 8, 20, 5, 28, 56, 
WINNING: 41 t, 33 t, 14 t, 32 t, 99 t, 37 t, 64 t, 21 t, 36 t, 56 t, OWNED: 44, 38, 51, 82, 98, 49, 65, 85, 20, 17, 72, 5, 28, 96, 97, 46, 10, 4, 34, 7, 55, 15, 47, 29, 36, 
WINNING: 99 f, 62 f, 41 f, 81 f, 76 f, 89 f, 17 t, 83 f, 43 f, 40 f, OWNED: 98, 93, 29, 51, 97, 84, 95, 50, 67, 59, 10, 39, 44, 20, 48, 60, 25, 96, 12, 89, 21, 77, 52, 76, 47, 
WINNING: 67 t, 25 t, 97 t, 77 t, 59 t, 39 t, 10 t, 51 t, 95 t, 48 t, OWNED: 38, 66, 35, 19, 51, 90, 73, 3, 49, 81, 92, 10, 77, 48, 83, 58, 78, 99, 54, 72, 29, 47, 69, 34, 56, 
WINNING: 12 f, 42 f, 91 f, 75 f, 77 t, 56 t, 92 t, 58 t, 51 t, 99 t, OWNED: 33, 78, 6, 84, 91, 99, 42, 66, 26, 15, 89, 39, 80, 29, 98, 10, 53, 17, 56, 31, 59, 35, 51, 79, 68, 
WINNING: 15 t, 26 t, 91 t, 99 t, 68 t, 10 t, 89 t, 79 t, 80 t, 98 t, OWNED: 68, 14, 10, 56, 1, 78, 11, 84, 69, 36, 13, 93, 21, 8, 65, 31, 44, 18, 50, 53, 2, 4, 38, 88, 75, 
WINNING: 75 t, 8 t, 59 f, 52 f, 93 t, 56 t, 14 t, 29 f, 18 t, 84 t, OWNED: 62, 14, 70, 41, 95, 11, 5, 15, 67, 35, 79, 46, 49, 93, 64, 2, 18, 34, 21, 94, 44, 6, 76, 10, 72, 
WINNING: 75 f, 72 t, 67 t, 62 t, 88 f, 12 f, 44 t, 69 f, 3 f, 64 t, OWNED: 49, 80, 47, 26, 39, 40, 67, 25, 90, 64, 24, 91, 37, 95, 28, 5, 15, 50, 66, 73, 19, 33, 9, 97, 54, 
WINNING: 86 f, 33 t, 8 f, 63 f, 89 f, 57 f, 81 f, 61 f, 21 f, 1 f, OWNED: 1, 48, 72, 52, 91, 5, 77, 6, 26, 57, 33, 75, 71, 21, 22, 73, 66, 74, 54, 11, 65, 19, 37, 67, 4, 
WINNING: 61 f, 96 f, 4 t, 67 t, 63 f, 22 t, 49 f, 26 t, 6 t, 45 f, OWNED: 64, 20, 30, 78, 74, 31, 83, 46, 43, 12, 28, 36, 84, 11, 66, 96, 75, 7, 76, 93, 2, 18, 42, 38, 86, 
WINNING: 19 f, 10 f, 50 f, 72 f, 54 f, 85 f, 38 t, 31 t, 28 t, 15 f, OWNED: 7, 8, 62, 54, 26, 33, 24, 43, 57, 99, 31, 23, 36, 3, 15, 45, 55, 75, 37, 95, 29, 27, 5, 46, 67, 
WINNING: 37 t, 68 f, 16 f, 30 f, 95 t, 54 t, 73 f, 20 f, 43 t, 32 f, OWNED: 69, 92, 30, 64, 72, 2, 20, 46, 31, 88, 43, 50, 79, 1, 53, 9, 17, 81, 57, 65, 67, 28, 74, 90, 34, 
WINNING: 33 f, 20 t, 43 t, 74 t, 98 f, 62 f, 11 f, 84 f, 97 f, 69 t, OWNED: 6, 66, 52, 40, 56, 80, 92, 58, 13, 10, 69, 93, 98, 99, 60, 88, 39, 49, 9, 42, 15, 33, 68, 3, 23, 
WINNING: 61 f, 87 f, 63 f, 36 f, 35 f, 72 f, 26 f, 28 f, 7 f, 81 f, OWNED: 47, 85, 79, 17, 22, 28, 68, 18, 21, 45, 87, 92, 9, 7, 46, 4, 34, 70, 29, 40, 69, 74, 62, 71, 5, 
WINNING: 78 f, 91 f, 72 f, 67 f, 59 f, 99 f, 42 f, 32 f, 1 f, 60 f, OWNED: 46, 66, 88, 70, 4, 77, 99, 22, 15, 59, 74, 2, 3, 1, 64, 26, 83, 10, 78, 23, 82, 29, 63, 65, 92, 
WINNING: 16 f, 48 f, 31 f, 54 f, 96 f, 68 f, 61 f, 8 f, 17 f, 66 t, OWNED: 7, 33, 49, 21, 75, 62, 23, 63, 87, 20, 54, 88, 3, 35, 97, 17, 89, 96, 91, 80, 10, 22, 95, 1, 48, 
WINNING: 67 f, 82 f, 32 f, 99 f, 43 f, 58 f, 18 f, 51 f, 57 f, 53 f, OWNED: 19, 90, 31, 26, 8, 51, 16, 99, 68, 79, 64, 58, 3, 39, 71, 83, 27, 25, 15, 45, 72, 59, 55, 14, 95, 
WINNING: 26 t, 51 t, 55 t, 42 f, 14 t, 31 t, 58 t, 68 t, 8 t, 99 t, OWNED: 69, 40, 76, 34, 56, 72, 97, 48, 59, 74, 18, 62, 22, 28, 4, 67, 75, 35, 29, 24, 31, 53, 58, 11, 16, 
WINNING: 80 f, 66 f, 34 t, 35 t, 6 f, 61 f, 70 f, 16 t, 17 f, 89 f, OWNED: 19, 62, 61, 53, 48, 24, 78, 60, 26, 71, 59, 95, 79, 47, 18, 64, 44, 1, 83, 8, 2, 34, 21, 69, 81, 
WINNING: 95 t, 17 f, 24 t, 31 f, 47 t, 66 f, 68 f, 97 f, 94 f, 73 f, OWNED: 5, 26, 16, 89, 2, 8, 92, 3, 61, 30, 42, 99, 12, 41, 4, 35, 10, 40, 84, 53, 82, 22, 73, 19, 20, 
WINNING: 46 f, 48 f, 79 f, 80 f, 21 f, 12 t, 6 f, 74 f, 75 f, 36 f, OWNED: 49, 79, 83, 32, 6, 38, 77, 5, 10, 48, 25, 78, 19, 4, 51, 12, 1, 7, 68, 23, 56, 60, 11, 57, 27, 
WINNING: 7 t, 77 t, 19 t, 60 t, 25 t, 30 f, 6 t, 1 t, 35 f, 27 t, OWNED: 55, 49, 93, 12, 56, 62, 77, 30, 51, 94, 36, 7, 39, 5, 58, 18, 26, 81, 23, 47, 91, 1, 45, 10, 84, 
WINNING: 49 t, 36 t, 93 t, 56 t, 47 t, 94 t, 23 t, 10 t, 45 t, 12 t, OWNED: 80, 78, 15, 5, 22, 44, 33, 13, 92, 35, 3, 10, 34, 7, 30, 12, 16, 75, 76, 31, 99, 11, 61, 50, 45, 
WINNING: 34 t, 24 f, 33 t, 74 f, 17 f, 76 t, 57 f, 77 f, 44 t, 56 f, OWNED: 1, 68, 12, 39, 88, 57, 92, 61, 23, 40, 45, 30, 5, 53, 71, 3, 96, 67, 54, 14, 89, 70, 97, 64, 51, 
WINNING: 5 t, 39 t, 53 t, 88 t, 71 t, 70 t, 89 t, 92 t, 64 t, 13 f, OWNED: 38, 46, 14, 11, 68, 41, 4, 37, 63, 60, 71, 78, 97, 29, 66, 57, 49, 27, 39, 76, 6, 7, 36, 59, 99, 
WINNING: 7 t, 67 f, 93 f, 60 t, 6 t, 36 t, 71 t, 31 f, 81 f, 89 f, OWNED: 31, 10, 81, 59, 51, 42, 94, 2, 23, 20, 43, 14, 96, 68, 97, 49, 24, 33, 34, 87, 38, 60, 82, 66, 27, 
WINNING: 94 t, 24 t, 81 t, 14 t, 27 t, 51 t, 34 t, 97 t, 6 f, 23 t, OWNED: 72, 7, 94, 73, 36, 11, 41, 48, 96, 1, 37, 25, 28, 8, 29, 34, 18, 87, 76, 66, 33, 98, 59, 24, 35, 
WINNING: 37 t, 24 t, 75 f, 91 f, 72 t, 29 t, 33 t, 28 t, 94 t, 84 f, OWNED: 62, 46, 7, 2, 42, 36, 63, 86, 1, 15, 3, 30, 8, 77, 9, 5, 70, 73, 97, 93, 55, 6, 28, 39, 91, 
WINNING: 53 f, 42 t, 58 f, 63 t, 3 t, 49 f, 77 t, 25 f, 36 t, 66 f, OWNED: 12, 97, 24, 23, 30, 69, 39, 77, 20, 32, 31, 47, 8, 28, 42, 34, 50, 21, 10, 76, 91, 45, 98, 29, 73, 
WINNING: 2 f, 21 t, 51 f, 89 f, 80 f, 42 t, 10 t, 83 f, 36 f, 33 f, OWNED: 6, 25, 29, 21, 20, 45, 66, 36, 10, 52, 91, 46, 59, 64, 53, 14, 63, 98, 35, 30, 82, 93, 65, 87, 58, 
WINNING: 23 f, 81 f, 70 f, 32 f, 76 f, 55 f, 85 f, 60 f, 83 f, 42 f, OWNED: 78, 94, 65, 31, 95, 41, 43, 71, 9, 80, 24, 51, 11, 8, 16, 61, 50, 64, 75, 66, 30, 39, 37, 15, 86, 
WINNING: 67 f, 88 f, 35 f, 9 t, 86 t, 83 f, 66 t, 72 f, 85 f, 1 f, OWNED: 83, 41, 80, 98, 73, 86, 55, 4, 64, 48, 57, 35, 28, 59, 54, 79, 58, 10, 40, 19, 2, 81, 72, 3, 30, 
WINNING: 41 t, 54 t, 96 f, 97 f, 65 f, 57 t, 84 f, 28 t, 67 f, 77 f, OWNED: 75, 14, 83, 78, 28, 58, 86, 25, 45, 43, 79, 71, 23, 94, 76, 89, 84, 15, 32, 87, 72, 21, 26, 65, 50, 
WINNING: 74 f, 3 f, 40 f, 51 f, 39 f, 68 f, 60 f, 85 f, 63 f, 11 f, OWNED: 90, 74, 94, 71, 10, 84, 67, 1, 32, 31, 87, 64, 62, 27, 34, 75, 80, 3, 60, 58, 82, 20, 28, 17, 92, 
WINNING: 10 t, 13 f, 69 f, 85 f, 17 t, 52 f, 50 f, 98 f, 95 f, 41 f, OWNED: 59, 8, 35, 56, 83, 5, 41, 71, 45, 4, 91, 73, 51, 93, 90, 89, 72, 28, 98, 9, 2, 18, 40, 47, 16, 
WINNING: 61 f, 30 f, 95 f, 15 f, 73 t, 81 f, 69 f, 52 f, 26 f, 3 f, OWNED: 5, 22, 21, 58, 75, 85, 31, 67, 49, 73, 47, 90, 34, 24, 99, 37, 50, 11, 23, 48, 96, 87, 6, 29, 91, 
WINNING: 98 f, 19 f, 95 f, 93 f, 62 f, 76 f, 36 f, 70 f, 1 f, 55 f, 

212

i:0		v:1 | i:1		v:2 | i:2		v:4 | i:3		v:8 | 
i:4		v:16 | i:5		v:32 | i:6		v:64 | i:7		v:128 | 
i:8		v:240 | i:9		v:480 | i:10		v:950 | i:11		v:1899 | 
i:12		v:3798 | i:13		v:7432 | i:14		v:14624 | i:15		v:29248 | 
i:16		v:43872 | i:17		v:87680 | i:18		v:175360 | i:19		v:87680 | 
i:20		v:86250 | i:21		v:172500 | i:22		v:47671 | i:23		v:1 | 
i:24		v:2 | i:25		v:3 | i:26		v:4 | i:27		v:8 | 
i:28		v:16 | i:29		v:29 | i:30		v:58 | i:31		v:116 | 
i:32		v:220 | i:33		v:295 | i:34		v:370 | i:35		v:724 | 
i:36		v:1448 | i:37		v:1877 | i:38		v:371 | i:39		v:1 | 
i:40		v:2 | i:41		v:4 | i:42		v:8 | i:43		v:16 | 
i:44		v:32 | i:45		v:64 | i:46		v:128 | i:47		v:256 | 
i:48		v:480 | i:49		v:960 | i:50		v:1917 | i:51		v:1661 | 
i:52		v:3318 | i:53		v:1649 | i:54		v:3090 | i:55		v:4740 | 
i:56		v:1 | i:57		v:1 | i:58		v:1 | i:59		v:2 | 
i:60		v:4 | i:61		v:8 | i:62		v:16 | i:63		v:32 | 
i:64		v:64 | i:65		v:126 | i:66		v:236 | i:67		v:472 | 
i:68		v:944 | i:69		v:1883 | i:70		v:2554 | i:71		v:4982 | 
i:72		v:4910 | i:73		v:9820 | i:74		v:19640 | i:75		v:32487 | 
i:76		v:62420 | i:77		v:124840 | i:78		v:176968 | i:79		v:32488 | 
i:80		v:1 | i:81		v:2 | i:82		v:4 | i:83		v:8 | 
i:84		v:16 | i:85		v:32 | i:86		v:64 | i:87		v:120 | 
i:88		v:240 | i:89		v:480 | i:90		v:958 | i:91		v:1915 | 
i:92		v:3830 | i:93		v:7656 | i:94		v:15248 | i:95		v:15232 | 
i:96		v:28517 | i:97		v:56794 | i:98		v:84951 | i:99		v:81121 | 
i:100		v:161762 | i:101		v:265772 | i:102		v:516312 | i:103		v:516312 | 
i:104		v:597434 | i:105		v:1 | i:106		v:2 | i:107		v:4 | 
i:108		v:8 | i:109		v:16 | i:110		v:23 | i:111		v:46 | 
i:112		v:92 | i:113		v:184 | i:114		v:368 | i:115		v:736 | 
i:116		v:1472 | i:117		v:2574 | i:118		v:2547 | i:119		v:4910 | 
i:120		v:9804 | i:121		v:19608 | i:122		v:39170 | i:123		v:75701 | 
i:124		v:121990 | i:125		v:239070 | i:126		v:477404 | i:127		v:755645 | 
i:128		v:755645 | i:129		v:516575 | i:130		v:1 | i:131		v:2 | 
i:132		v:2 | i:133		v:4 | i:134		v:8 | i:135		v:14 | 
i:136		v:24 | i:137		v:48 | i:138		v:96 | i:139		v:192 | 
i:140		v:370 | i:141		v:707 | i:142		v:1318 | i:143		v:2636 | 
i:144		v:2218 | i:145		v:193 | i:146		v:1 | i:147		v:2 | 
i:148		v:4 | i:149		v:8 | i:150		v:16 | i:151		v:32 | 
i:152		v:62 | i:153		v:124 | i:154		v:120 | i:155		v:240 | 
i:156		v:360 | i:157		v:719 | i:158		v:1438 | i:159		v:2860 | 
i:160		v:5712 | i:161		v:11424 | i:162		v:22816 | i:163		v:42350 | 
i:164		v:71838 | i:165		v:142717 | i:166		v:256906 | i:167		v:513812 | 
i:168		v:842557 | i:169		v:1 | i:170		v:2 | i:171		v:4 | 
i:172		v:8 | i:173		v:16 | i:174		v:24 | i:175		v:48 | 
i:176		v:95 | i:177		v:190 | i:178		v:380 | i:179		v:570 | 
i:180		v:1140 | i:181		v:2230 | i:182		v:4456 | i:183		v:8912 | 
i:184		v:17808 | i:185		v:26680 | i:186		v:52790 | i:187		v:105485 | 
i:188		v:206514 | i:189		v:177224 | i:190		v:159416 | i:191		v:264902 | 
i:192		v:1 | i:193		v:2 | i:194		v:4 | i:195		v:8 | 
i:196		v:16 | i:197		v:22 | i:198		v:40 | i:199		v:80 | 
i:200		v:160 | i:201		v:320 | i:202		v:639 | i:203		v:1238 | 
i:204		v:2476 | i:205		v:4936 | i:206		v:4776 | i:207		v:9552 | 
i:208		v:16606 | i:209		v:15288 | i:210		v:25161 | i:211		v:50002 | 
sum = 9721255